{
  "configuration": {
    "default_parameters": {
      "absolute_regularization": 0.01,
      "covariance_mode": 0,
      "gaussians": 1,
      "hierarchical": true,
      "regression_estimator": 0,
      "relative_regularization": 0.01,
      "states": 4,
      "transition_mode": 1
    },
    "multiClass_regression_estimator": 0,
    "multithreading": 2
  },
  "exit_transition": [
    0.1,
    0.1
  ],
  "models": [
    {
      "exitProbabilities": [
        0,
        0,
        0,
        0.10000000149011612
      ],
      "label": "nage",
      "parameters": {
        "absolute_regularization": 0.01,
        "covariance_mode": 0,
        "gaussians": 1,
        "hierarchical": true,
        "regression_estimator": 0,
        "relative_regularization": 0.01,
        "states": 4,
        "transition_mode": 1
      },
      "states": [
        {
          "components": [
            {
              "bimodal": false,
              "covariance": [
                0.7570116130581629,
                0.9401333830541247,
                0.051759566461192986,
                0.9401333830541247,
                4.867455721880484,
                0.28816115829128675,
                0.051759566461192986,
                0.28816115829128675,
                0.809429672677348
              ],
              "covariance_determinant": 2.2192513962820497,
              "covariance_determinant_input": 0,
              "covariance_mode": 0,
              "dimension": 3,
              "dimension_input": 0,
              "inverse_covariance": [
                1.7378951501604714,
                -0.3361749647400549,
                0.008549066008195652,
                -0.336174964740055,
                0.27489837810733286,
                -0.07636829573258484,
                0.008549066008195652,
                -0.07636829573258484,
                1.2620786154599166
              ],
              "inverse_covariance_input": [],
              "mean": [
                -9.52566825161052,
                -2.7655831292740736,
                -3.305686694780791
              ]
            }
          ],
          "label": "",
          "mixture_coeffs": [
            1
          ],
          "parameters": {
            "absolute_regularization": 0.01,
            "covariance_mode": 0,
            "gaussians": 1,
            "relative_regularization": 0.01
          }
        },
        {
          "components": [
            {
              "bimodal": false,
              "covariance": [
                13.798301821326552,
                10.84549896525067,
                -3.398501514061025,
                10.84549896525067,
                15.476205719457921,
                -0.4781311624806074,
                -3.398501514061025,
                -0.4781311624806074,
                18.075238295569086
              ],
              "covariance_determinant": 1587.1307168127482,
              "covariance_determinant_input": 0,
              "covariance_mode": 0,
              "dimension": 3,
              "dimension_input": 0,
              "inverse_covariance": [
                0.1761086808547306,
                -0.12249151673030123,
                0.029871728295177116,
                -0.1224915167303012,
                0.14986653489464918,
                -0.019066511815001793,
                0.029871728295177122,
                -0.019066511815001796,
                0.06043642703443697
              ],
              "inverse_covariance_input": [],
              "mean": [
                -3.0773471626422357,
                0.6076231204165027,
                9.553021845675769
              ]
            }
          ],
          "label": "",
          "mixture_coeffs": [
            1
          ],
          "parameters": {
            "absolute_regularization": 0.01,
            "covariance_mode": 0,
            "gaussians": 1,
            "relative_regularization": 0.01
          }
        },
        {
          "components": [
            {
              "bimodal": false,
              "covariance": [
                6.567725376315675,
                4.819895490082837,
                4.187376805180454,
                4.819895490082837,
                4.606497344975763,
                1.7337275084835848,
                4.187376805180454,
                1.7337275084835848,
                10.971075176861934
              ],
              "covariance_determinant": 46.51828209754423,
              "covariance_determinant_input": 0,
              "covariance_mode": 0,
              "dimension": 3,
              "dimension_input": 0,
              "inverse_covariance": [
                1.021800794371566,
                -0.9806825048940806,
                -0.23502060358504567,
                -0.9806825048940804,
                1.1720313364464952,
                0.18908850518250156,
                -0.23502060358504567,
                0.18908850518250156,
                0.1509689665340838
              ],
              "inverse_covariance_input": [],
              "mean": [
                -3.5843639101804645,
                5.6134993578627075,
                8.218986045718928
              ]
            }
          ],
          "label": "",
          "mixture_coeffs": [
            1
          ],
          "parameters": {
            "absolute_regularization": 0.01,
            "covariance_mode": 0,
            "gaussians": 1,
            "relative_regularization": 0.01
          }
        },
        {
          "components": [
            {
              "bimodal": false,
              "covariance": [
                2.8699888046206876,
                1.6692748405537485,
                0.2382677180639194,
                1.6692748405537485,
                1.5820423388016767,
                1.1253004906012516,
                0.2382677180639194,
                1.1253004906012516,
                13.830323859083972
              ],
              "covariance_determinant": 21.42896428619689,
              "covariance_determinant_input": 0,
              "covariance_mode": 0,
              "dimension": 3,
              "dimension_input": 0,
              "inverse_covariance": [
                0.9619623438142781,
                -1.0648432919992068,
                0.07006807044070883,
                -1.0648432919992068,
                1.8496509026294345,
                -0.13215130068622138,
                0.07006807044070883,
                -0.13215130068622138,
                0.08185021376048426
              ],
              "inverse_covariance_input": [],
              "mean": [
                -9.312228357246788,
                -1.1061415728437922,
                -1.2492627255116453
              ]
            }
          ],
          "label": "",
          "mixture_coeffs": [
            1
          ],
          "parameters": {
            "absolute_regularization": 0.01,
            "covariance_mode": 0,
            "gaussians": 1,
            "relative_regularization": 0.01
          }
        }
      ],
      "transition": [
        0.971426784992218,
        0.02857320010662079,
        0.973041832447052,
        0.0269581601023674,
        0.9598695635795593,
        0.04013045132160187,
        1,
        0
      ]
    },
    {
      "exitProbabilities": [
        0,
        0,
        0,
        0.10000000149011612
      ],
      "label": "vent",
      "parameters": {
        "absolute_regularization": 0.01,
        "covariance_mode": 0,
        "gaussians": 1,
        "hierarchical": true,
        "regression_estimator": 0,
        "relative_regularization": 0.01,
        "states": 4,
        "transition_mode": 1
      },
      "states": [
        {
          "components": [
            {
              "bimodal": false,
              "covariance": [
                15.455806366416889,
                -1.7668118653171123,
                3.0632076739034333,
                -1.7668118653171123,
                5.485225028904316,
                -0.3432159927241563,
                3.0632076739034333,
                -0.3432159927241563,
                5.156705518399041
              ],
              "covariance_determinant": 371.50605952615535,
              "covariance_determinant_input": 0,
              "covariance_mode": 0,
              "dimension": 3,
              "dimension_input": 0,
              "inverse_covariance": [
                0.07582081701299054,
                0.021694361172505214,
                -0.04359548087579712,
                0.021694361172505214,
                0.18927766835684007,
                -0.00028917896768073184,
                -0.04359548087579712,
                -0.00028917896768073184,
                0.21979978431494285
              ],
              "inverse_covariance_input": [],
              "mean": [
                -4.165766614308835,
                -0.6001630853673657,
                -9.981518599073759
              ]
            }
          ],
          "label": "",
          "mixture_coeffs": [
            1
          ],
          "parameters": {
            "absolute_regularization": 0.01,
            "covariance_mode": 0,
            "gaussians": 1,
            "relative_regularization": 0.01
          }
        },
        {
          "components": [
            {
              "bimodal": false,
              "covariance": [
                18.616914519212344,
                3.2576417044225203,
                13.442730945912004,
                3.2576417044225203,
                1.5419221222485493,
                0.0592044386631737,
                13.442730945912004,
                0.0592044386631737,
                18.80133749709116
              ],
              "covariance_determinant": 66.66784853723391,
              "covariance_determinant_input": 0,
              "covariance_mode": 0,
              "dimension": 3,
              "dimension_input": 0,
              "inverse_covariance": [
                0.4347926877058223,
                -0.9067662016411382,
                -0.30801620017769377,
                -0.9067662016411381,
                2.539693142361793,
                0.6403296028540942,
                -0.3080162001776937,
                0.6403296028540941,
                0.27139923168040453
              ],
              "inverse_covariance_input": [],
              "mean": [
                -9.100474724919632,
                -2.2046194957871936,
                -2.3886976469035575
              ]
            }
          ],
          "label": "",
          "mixture_coeffs": [
            1
          ],
          "parameters": {
            "absolute_regularization": 0.01,
            "covariance_mode": 0,
            "gaussians": 1,
            "relative_regularization": 0.01
          }
        },
        {
          "components": [
            {
              "bimodal": false,
              "covariance": [
                31.795707253290818,
                0.45873942544399926,
                0.1910177752584877,
                0.45873942544399926,
                3.453495733290727,
                8.387729050919775,
                0.1910177752584877,
                8.387729050919775,
                33.721420156982894
              ],
              "covariance_determinant": 1460.11814075912,
              "covariance_determinant_input": 0,
              "covariance_mode": 0,
              "dimension": 3,
              "dimension_input": 0,
              "inverse_covariance": [
                0.03157469297452315,
                -0.009497272294680743,
                0.0021834554648458102,
                -0.009497272294680743,
                0.7342966885739562,
                -0.18259217702746092,
                0.0021834554648458102,
                -0.18259217702746092,
                0.07505960950445072
              ],
              "inverse_covariance_input": [],
              "mean": [
                -7.372561171164713,
                2.4239208381651522,
                8.57351404638919
              ]
            }
          ],
          "label": "",
          "mixture_coeffs": [
            1
          ],
          "parameters": {
            "absolute_regularization": 0.01,
            "covariance_mode": 0,
            "gaussians": 1,
            "relative_regularization": 0.01
          }
        },
        {
          "components": [
            {
              "bimodal": false,
              "covariance": [
                4.155743793734331,
                0.8524074410248292,
                -4.379109767511707,
                0.8524074410248292,
                2.2589138866790073,
                1.0247183322468658,
                -4.379109767511707,
                1.0247183322468658,
                19.40454013457495
              ],
              "covariance_determinant": 112.72804816360535,
              "covariance_determinant_input": 0,
              "covariance_mode": 0,
              "dimension": 3,
              "dimension_input": 0,
              "inverse_covariance": [
                0.3795252220820531,
                -0.18653679186877048,
                0.09549982965074826,
                -0.18653679186877048,
                0.5452387039417926,
                -0.07088965639548969,
                0.09549982965074826,
                -0.07088965639548969,
                0.07682976030120138
              ],
              "inverse_covariance_input": [],
              "mean": [
                0.6758191517127435,
                -1.0017156852482652,
                -9.754614291897173
              ]
            }
          ],
          "label": "",
          "mixture_coeffs": [
            1
          ],
          "parameters": {
            "absolute_regularization": 0.01,
            "covariance_mode": 0,
            "gaussians": 1,
            "relative_regularization": 0.01
          }
        }
      ],
      "transition": [
        0.9687583446502686,
        0.031241673976182938,
        0.9298582077026367,
        0.07014176994562149,
        0.9662432074546814,
        0.033756792545318604,
        1,
        0
      ]
    }
  ],
  "prior": [
    0.5,
    0.5
  ],
  "shared_parameters": {
    "bimodal": false,
    "column_names": [
      "accelX",
      "accelY",
      "accelZ"
    ],
    "dimension": 3,
    "dimension_input": 0,
    "em_algorithm_max_iterations": 0,
    "em_algorithm_min_iterations": 10,
    "em_algorithm_percent_chg": 0.01,
    "likelihood_window": 1
  },
  "transition": [
    [
      0.5,
      0.5
    ],
    [
      0.5,
      0.5
    ]
  ]
}