{
  "configuration": {
    "default_parameters": {
      "absolute_regularization": 0.001,
      "covariance_mode": 0,
      "gaussians": 1,
      "hierarchical": true,
      "regression_estimator": 0,
      "relative_regularization": 0.001,
      "states": 4,
      "transition_mode": 1
    },
    "multiClass_regression_estimator": 0,
    "multithreading": 2
  },
  "exit_transition": [
    0.1,
    0.1,
    0.1,
    0.1,
    0.1
  ],
  "models": [
    {
      "exitProbabilities": [
        0,
        0,
        0,
        0.10000000149011612
      ],
      "label": "branches",
      "parameters": {
        "absolute_regularization": 0.001,
        "covariance_mode": 0,
        "gaussians": 1,
        "hierarchical": true,
        "regression_estimator": 0,
        "relative_regularization": 0.001,
        "states": 4,
        "transition_mode": 1
      },
      "states": [
        {
          "components": [
            {
              "bimodal": false,
              "covariance": [
                14.086508489742013,
                3.214483561306732,
                2.578559954046706,
                9.120986840266015,
                -70.39548195243941,
                -173.20166768612538,
                3.214483561306732,
                2.573731927711181,
                0.7050510514380401,
                -21.68539922568618,
                -12.754530638270131,
                -6.428746089853595,
                2.578559954046706,
                0.7050510514380401,
                1.4104513175991884,
                -11.318435780226354,
                -6.5979447680671575,
                -21.567703865044994,
                9.120986840266015,
                -21.68539922568618,
                -11.318435780226354,
                863.9774643382626,
                -635.9077490779215,
                -1025.9695832823081,
                -70.39548195243941,
                -12.754530638270131,
                -6.5979447680671575,
                -635.9077490779215,
                1146.7835531891992,
                1541.0823095120768,
                -173.20166768612538,
                -6.428746089853595,
                -21.567703865044994,
                -1025.9695832823081,
                1541.0823095120768,
                3520.4074579160515
              ],
              "covariance_determinant": 591112387.039509,
              "covariance_determinant_input": 0,
              "covariance_mode": 0,
              "dimension": 6,
              "dimension_input": 0,
              "inverse_covariance": [
                0.7422503002034941,
                -0.8453798624961316,
                -0.4122804132117173,
                -0.001895572314968218,
                -0.02459227086967952,
                0.04266160418476904,
                -0.8453798624961316,
                2.2804360185305765,
                0.8360493243712426,
                0.08821685254705768,
                0.08758450441782481,
                -0.04493693369910495,
                -0.412280413211717,
                0.8360493243712421,
                1.7429528320381578,
                0.07237218673878833,
                0.04047093907891326,
                -0.00470366057271954,
                -0.0018955723149681886,
                0.08821685254705763,
                0.07237218673878831,
                0.009251955491352494,
                0.005103100175243369,
                0.0009736477690709559,
                -0.024592270869679543,
                0.08758450441782484,
                0.04047093907891329,
                0.0051031001752433695,
                0.006019335871529642,
                -0.0019498211800068404,
                0.042661604184769074,
                -0.044936933699105,
                -0.004703660572719578,
                0.0009736477690709536,
                -0.0019498211800068406,
                0.003409404667625649
              ],
              "inverse_covariance_input": [],
              "mean": [
                2.4968354783537543,
                -10.17195280957327,
                -1.213999438417326,
                28.033847308169097,
                -39.97667240144951,
                -86.4247057615243
              ]
            }
          ],
          "label": "",
          "mixture_coeffs": [
            1
          ],
          "parameters": {
            "absolute_regularization": 0.001,
            "covariance_mode": 0,
            "gaussians": 1,
            "relative_regularization": 0.001
          }
        },
        {
          "components": [
            {
              "bimodal": false,
              "covariance": [
                136.20747035156216,
                27.643575757431147,
                -70.94414395795742,
                -457.3391939901172,
                -580.894083508036,
                -840.5039459569581,
                27.643575757431147,
                38.568541707713585,
                -9.9145241611064,
                421.1887738305782,
                -327.35336589480556,
                535.2139670796246,
                -70.94414395795742,
                -9.9145241611064,
                46.39425117419988,
                350.5550593484849,
                211.18435713249545,
                559.4348080965368,
                -457.3391939901172,
                421.1887738305782,
                350.5550593484849,
                11384.448179079758,
                -2436.5799690597814,
                14552.463514337553,
                -580.894083508036,
                -327.35336589480556,
                211.18435713249545,
                -2436.5799690597814,
                5899.796210443953,
                -1384.608478123067,
                -840.5039459569581,
                535.2139670796246,
                559.4348080965368,
                14552.463514337553,
                -1384.608478123067,
                21635.76916222184
              ],
              "covariance_determinant": 82732315530685.1,
              "covariance_determinant_input": 0,
              "covariance_mode": 0,
              "dimension": 6,
              "dimension_input": 0,
              "inverse_covariance": [
                0.16923416582139097,
                -0.17731224999627854,
                0.07617926538884057,
                0.003333662931788062,
                0.00716590857386823,
                0.007207213785371549,
                -0.17731224999627854,
                0.404812061445994,
                0.037501085685339205,
                -0.004539001033896336,
                -0.001717500211458596,
                -0.014928821979252289,
                0.07617926538884062,
                0.037501085685339094,
                0.14658546422817334,
                -0.0006278889236706387,
                0.003818774830538932,
                -0.0010918171613845977,
                0.0033336629317880567,
                -0.004539001033896337,
                -0.0006278889236706447,
                0.0009493096351192665,
                0.0004077453941305004,
                -0.0003543978272117031,
                0.007165908573868232,
                -0.0017175002114586003,
                0.003818774830538929,
                0.00040774539413050096,
                0.0008114117432295746,
                -2.0167632658823035e-7,
                0.007207213785371551,
                -0.014928821979252287,
                -0.001091817161384599,
                -0.000354397827211703,
                -2.0167632658805287e-7,
                0.0009620960658570152
              ],
              "inverse_covariance_input": [],
              "mean": [
                2.216114907987889,
                -0.1489763034676836,
                4.418286112830104,
                144.73358431854612,
                -96.03178965321587,
                113.95478610911053
              ]
            }
          ],
          "label": "",
          "mixture_coeffs": [
            1
          ],
          "parameters": {
            "absolute_regularization": 0.001,
            "covariance_mode": 0,
            "gaussians": 1,
            "relative_regularization": 0.001
          }
        },
        {
          "components": [
            {
              "bimodal": false,
              "covariance": [
                3.1001488050996535,
                -1.4619269650794864,
                -2.160260098470891,
                -25.898634753457564,
                18.318423603338452,
                -30.39426921012364,
                -1.4619269650794864,
                4.877083947567992,
                4.70031853194999,
                22.650869809200785,
                -21.720913912784926,
                14.087378607221174,
                -2.160260098470891,
                4.70031853194999,
                7.4957800733319795,
                22.006470850463934,
                -24.667605715060688,
                24.911920694410234,
                -25.898634753457564,
                22.650869809200785,
                22.006470850463934,
                1400.2082770480743,
                -791.3198251090839,
                1234.7188709264535,
                18.318423603338452,
                -21.720913912784926,
                -24.667605715060688,
                -791.3198251090839,
                878.5299129960138,
                -561.2592830309121,
                -30.39426921012364,
                14.087378607221174,
                24.911920694410234,
                1234.7188709264535,
                -561.2592830309121,
                1522.2354718086187
              ],
              "covariance_determinant": 5344031839.405503,
              "covariance_determinant_input": 0,
              "covariance_mode": 0,
              "dimension": 6,
              "dimension_input": 0,
              "inverse_covariance": [
                0.4829498260784496,
                0.03596505527897606,
                0.08289631784659157,
                -0.003169190717253469,
                -0.003904034480082565,
                0.009084685930305687,
                0.03596505527897609,
                0.6033164676251079,
                -0.37414934778809783,
                -0.017745365225495306,
                -0.003039512177569725,
                0.014530830645035662,
                0.08289631784659154,
                -0.37414934778809783,
                0.40707662881250545,
                0.014465283217239788,
                0.006537975886046723,
                -0.01086675680873723,
                -0.0031691907172534785,
                -0.017745365225495306,
                0.014465283217239788,
                0.004970287567662087,
                0.0024175281370610088,
                -0.0032759355453714414,
                -0.0039040344800825716,
                -0.00303951217756973,
                0.006537975886046727,
                0.0024175281370610088,
                0.0028160261558777913,
                -0.0010794399906934602,
                0.009084685930305696,
                0.01453083064503566,
                -0.010866756808737226,
                -0.0032759355453714414,
                -0.0010794399906934595,
                0.0031408718769261926
              ],
              "inverse_covariance_input": [],
              "mean": [
                -4.919701206264716,
                -8.22658942871091,
                6.726212842275597,
                1.5615137084136779,
                99.46940832558293,
                -37.80307034304695
              ]
            }
          ],
          "label": "",
          "mixture_coeffs": [
            1
          ],
          "parameters": {
            "absolute_regularization": 0.001,
            "covariance_mode": 0,
            "gaussians": 1,
            "relative_regularization": 0.001
          }
        },
        {
          "components": [
            {
              "bimodal": false,
              "covariance": [
                1.1531685513463283,
                0.32974470299171155,
                0.10308292618860854,
                -2.3104466919521025,
                -1.2472254264410632,
                -2.4904533757564398,
                0.32974470299171155,
                0.37217928212771323,
                -0.09423998118504036,
                -0.49044338086855305,
                -0.7175104157187585,
                -4.794498417755878,
                0.10308292618860854,
                -0.09423998118504036,
                2.9217627290461445,
                -25.233594413949294,
                40.208049972553404,
                -37.407013656845635,
                -2.3104466919521025,
                -0.49044338086855305,
                -25.233594413949294,
                421.9561382455849,
                -465.4015872427401,
                545.8826058242653,
                -1.2472254264410632,
                -0.7175104157187585,
                40.208049972553404,
                -465.4015872427401,
                921.4600522336523,
                -680.7586914214544,
                -2.4904533757564398,
                -4.794498417755878,
                -37.407013656845635,
                545.8826058242653,
                -680.7586914214544,
                947.1098449533541
              ],
              "covariance_determinant": 7397827.480438697,
              "covariance_determinant_input": 0,
              "covariance_mode": 0,
              "dimension": 6,
              "dimension_input": 0,
              "inverse_covariance": [
                1.408409825686166,
                -1.7073500598558597,
                -0.3300940320048686,
                0.04385151362906506,
                0.011034954493717566,
                -0.035319849799192414,
                -1.7073500598558597,
                5.84735612365546,
                0.8917964497398836,
                -0.10820925078825575,
                -0.0014387872811042115,
                0.12166760529328356,
                -0.33009403200486853,
                0.8917964497398834,
                1.1290696767942419,
                -0.002653476900614321,
                -0.028979403431089228,
                0.028939899593923187,
                0.043851513629065066,
                -0.10820925078825576,
                -0.0026534769006143384,
                0.012917042565531237,
                0.0015304572500804033,
                -0.006882173586629404,
                0.011034954493717568,
                -0.001438787281104215,
                -0.02897940343108923,
                0.0015304572500804037,
                0.003529653962195199,
                0.0005320855440334982,
                -0.035319849799192414,
                0.12166760529328356,
                0.028939899593923197,
                -0.006882173586629402,
                0.0005320855440334985,
                0.007070994633636556
              ],
              "inverse_covariance_input": [],
              "mean": [
                -0.6757016388733151,
                -9.394859200349556,
                0.5987593488629982,
                -25.811841901872228,
                34.18742050147618,
                -25.00349706457429
              ]
            }
          ],
          "label": "",
          "mixture_coeffs": [
            1
          ],
          "parameters": {
            "absolute_regularization": 0.001,
            "covariance_mode": 0,
            "gaussians": 1,
            "relative_regularization": 0.001
          }
        }
      ],
      "transition": [
        0.9685438871383667,
        0.031456053256988525,
        0.9637536406517029,
        0.036246366798877716,
        0.9679655432701111,
        0.03203443065285683,
        1,
        0
      ]
    },
    {
      "exitProbabilities": [
        0,
        0,
        0,
        0.10000000149011612
      ],
      "label": "gadoue",
      "parameters": {
        "absolute_regularization": 0.001,
        "covariance_mode": 0,
        "gaussians": 1,
        "hierarchical": true,
        "regression_estimator": 0,
        "relative_regularization": 0.001,
        "states": 4,
        "transition_mode": 1
      },
      "states": [
        {
          "components": [
            {
              "bimodal": false,
              "covariance": [
                6.2509205692371745,
                0.17565383651681302,
                1.3579150911292968,
                -24.073986100771506,
                56.623074819559946,
                74.52144136522946,
                0.17565383651681302,
                0.9367648351403303,
                -0.676720189701107,
                0.8275934912664179,
                -4.000975602579436,
                -4.505005464229141,
                1.3579150911292968,
                -0.676720189701107,
                6.296310263508559,
                -44.27874603422905,
                97.23411635657885,
                81.87183180153463,
                -24.073986100771506,
                0.8275934912664179,
                -44.27874603422905,
                853.176251682045,
                -1054.8600236888249,
                -829.7285152745599,
                56.623074819559946,
                -4.000975602579436,
                97.23411635657885,
                -1054.8600236888249,
                3473.3061593025836,
                1759.8482017095193,
                74.52144136522946,
                -4.505005464229141,
                81.87183180153463,
                -829.7285152745599,
                1759.8482017095193,
                1956.6854573310877
              ],
              "covariance_determinant": 7938642676.978569,
              "covariance_determinant_input": 0,
              "covariance_mode": 0,
              "dimension": 6,
              "dimension_input": 0,
              "inverse_covariance": [
                0.43299087895605753,
                -0.02579035336904653,
                0.26401306921346174,
                -0.0023156156271179583,
                -0.0012905195542239891,
                -0.027418171518147946,
                -0.02579035336904647,
                1.2166060430097823,
                0.2281149702747028,
                0.006119915279208751,
                -0.0020230956190873213,
                -0.0013467825830435613,
                0.26401306921346174,
                0.2281149702747027,
                0.6093108239113574,
                0.004844819738311277,
                -0.00536845937673385,
                -0.0281418813049191,
                -0.00231561562711796,
                0.006119915279208753,
                0.004844819738311275,
                0.002323354956330679,
                0.0003058776748081669,
                0.0006096711033337571,
                -0.0012905195542239904,
                -0.00202309561908732,
                -0.00536845937673385,
                0.0003058776748081669,
                0.0006388594787455662,
                -0.000175765272315607,
                -0.027418171518147946,
                -0.0013467825830435559,
                -0.0281418813049191,
                0.0006096711033337569,
                -0.000175765272315607,
                0.003146332715729705
              ],
              "inverse_covariance_input": [],
              "mean": [
                -1.925539068366471,
                -1.95387654777471,
                -10.878941417735604,
                -12.281889720870325,
                -31.258310278771514,
                -33.405679934689736
              ]
            }
          ],
          "label": "",
          "mixture_coeffs": [
            1
          ],
          "parameters": {
            "absolute_regularization": 0.001,
            "covariance_mode": 0,
            "gaussians": 1,
            "relative_regularization": 0.001
          }
        },
        {
          "components": [
            {
              "bimodal": false,
              "covariance": [
                2.831120278223234,
                -2.3905606614936077,
                -6.688079216849127,
                -15.18323484479026,
                -166.48754195872533,
                0.11148509537544946,
                -2.3905606614936077,
                38.13356848252256,
                45.67855467772489,
                514.5254934049997,
                1218.6283835048941,
                150.85080578423566,
                -6.688079216849127,
                45.67855467772489,
                196.22934118632324,
                470.2712565092707,
                2042.379417920665,
                216.35950104119655,
                -15.18323484479026,
                514.5254934049997,
                470.2712565092707,
                10002.773299241988,
                10502.679388758741,
                1577.2619594395048,
                -166.48754195872533,
                1218.6283835048941,
                2042.379417920665,
                10502.679388758741,
                57860.20088862939,
                6419.111802639154,
                0.11148509537544946,
                150.85080578423566,
                216.35950104119655,
                1577.2619594395048,
                6419.111802639154,
                1144.0140352319893
              ],
              "covariance_determinant": 60118766896300.74,
              "covariance_determinant_input": 0,
              "covariance_mode": 0,
              "dimension": 6,
              "dimension_input": 0,
              "inverse_covariance": [
                0.7177744889195371,
                -0.2104357336440333,
                0.00037789260778053847,
                0.007850553274037782,
                0.008469188199800448,
                -0.03073775820599626,
                -0.210435733644033,
                0.6074285448386707,
                0.00397765938692982,
                -0.022081974006782957,
                -0.010440880177317664,
                0.00820095303008914,
                0.00037789260778056796,
                0.003977659386929785,
                0.008204541557699726,
                -0.0002600306351988005,
                -0.0003563753865433848,
                0.00028194069167219955,
                0.00785055327403777,
                -0.02208197400678296,
                -0.0002600306351988021,
                0.0009342754238647012,
                0.0003755202676665935,
                -0.00043499048232625647,
                0.008469188199800444,
                -0.010440880177317669,
                -0.00035637538654338565,
                0.00037552026766659365,
                0.000273598503452229,
                -0.0006095878144847651,
                -0.03073775820599626,
                0.00820095303008916,
                0.00028194069167220134,
                -0.00043499048232625707,
                -0.0006095878144847653,
                0.00376255187819172
              ],
              "inverse_covariance_input": [],
              "mean": [
                -0.49766892394451917,
                3.179021852849281,
                -4.093455418587228,
                263.03933338827676,
                -302.44901146494146,
                -97.27232531499585
              ]
            }
          ],
          "label": "",
          "mixture_coeffs": [
            1
          ],
          "parameters": {
            "absolute_regularization": 0.001,
            "covariance_mode": 0,
            "gaussians": 1,
            "relative_regularization": 0.001
          }
        },
        {
          "components": [
            {
              "bimodal": false,
              "covariance": [
                26.248606165293353,
                -3.359505513170196,
                -30.267938836372284,
                10.722524526183717,
                -168.6063509612165,
                -60.16574781717564,
                -3.359505513170196,
                5.8703297315765814,
                9.323260706046291,
                -44.14663079644547,
                76.8614540497394,
                -22.231189626696423,
                -30.267938836372284,
                9.323260706046291,
                165.97835308313822,
                852.7004143982061,
                -707.2071371097433,
                668.2815624659391,
                10.722524526183717,
                -44.14663079644547,
                852.7004143982061,
                12165.654746635753,
                -9606.567228821175,
                3412.6830152414755,
                -168.6063509612165,
                76.8614540497394,
                -707.2071371097433,
                -9606.567228821175,
                13238.501578758109,
                -4459.071977929368,
                -60.16574781717564,
                -22.231189626696423,
                668.2815624659391,
                3412.6830152414755,
                -4459.071977929368,
                5467.6246700653755
              ],
              "covariance_determinant": 527441446908860.25,
              "covariance_determinant_input": 0,
              "covariance_mode": 0,
              "dimension": 6,
              "dimension_input": 0,
              "inverse_covariance": [
                0.09365392741118532,
                -0.06239783207821298,
                0.042799269990841625,
                -0.000583919232952229,
                0.0028127926283906344,
                -0.00179588158210721,
                -0.06239783207821295,
                0.38210910682567417,
                -0.09645450981116141,
                0.003832119502816801,
                -0.0026578532242479288,
                0.008096739078544166,
                0.04279926999084162,
                -0.09645450981116141,
                0.0493010684749961,
                -0.001953496333972747,
                0.0010048114232692168,
                -0.003908288252072095,
                -0.0005839192329522286,
                0.0038321195028168005,
                -0.0019534963339727465,
                0.0002929948760065731,
                0.00013853430158819157,
                0.00017802648579470605,
                0.002812792628390634,
                -0.002657853224247929,
                0.0010048114232692174,
                0.00013853430158819157,
                0.00029958714634482035,
                0.00005518970199167794,
                -0.0017958815821072093,
                0.008096739078544166,
                -0.003908288252072094,
                0.00017802648579470605,
                0.00005518970199167792,
                0.0006076374390825473
              ],
              "inverse_covariance_input": [],
              "mean": [
                -1.8953992465112617,
                2.8674795067996564,
                11.611944351964821,
                -159.50808893418312,
                265.9629726695151,
                -115.34352029092138
              ]
            }
          ],
          "label": "",
          "mixture_coeffs": [
            1
          ],
          "parameters": {
            "absolute_regularization": 0.001,
            "covariance_mode": 0,
            "gaussians": 1,
            "relative_regularization": 0.001
          }
        },
        {
          "components": [
            {
              "bimodal": false,
              "covariance": [
                12.260599418528535,
                4.8893568984702425,
                -2.3995769439591688,
                -204.20452727684312,
                48.0630602858402,
                -48.153242686070136,
                4.8893568984702425,
                2.76883663814519,
                -0.22875286187956398,
                -82.59522428606469,
                -6.619459488365947,
                -27.79232582836615,
                -2.3995769439591688,
                -0.22875286187956398,
                22.677395078299867,
                110.49289570199247,
                45.78275237448789,
                -14.65966563757267,
                -204.20452727684312,
                -82.59522428606469,
                110.49289570199247,
                8642.484454383737,
                -1513.3058627441103,
                1212.1749844438916,
                48.0630602858402,
                -6.619459488365947,
                45.78275237448789,
                -1513.3058627441103,
                2904.3968810664555,
                43.36772063902454,
                -48.153242686070136,
                -27.79232582836615,
                -14.65966563757267,
                1212.1749844438916,
                43.36772063902454,
                1423.5986241030437
              ],
              "covariance_determinant": 1661270602594.727,
              "covariance_determinant_input": 0,
              "covariance_mode": 0,
              "dimension": 6,
              "dimension_input": 0,
              "inverse_covariance": [
                0.501961168431971,
                -0.8878472393677111,
                0.0634130739717959,
                0.0006226721051962788,
                -0.011006861983358006,
                0.00010388295219953693,
                -0.887847239367711,
                2.194792409728915,
                -0.14332505291939324,
                0.005286087838474537,
                0.02461722135907264,
                0.006089714101385424,
                0.06341307397179587,
                -0.14332505291939318,
                0.06340053304192372,
                -0.0014121428987836663,
                -0.003130593838998204,
                0.0012975358152947695,
                0.0006226721051962801,
                0.005286087838474537,
                -0.0014121428987836663,
                0.00023906751730827654,
                0.00015003652658463377,
                -0.00009841509400311226,
                -0.011006861983358004,
                0.02461722135907264,
                -0.0031305938389982043,
                0.00015003652658463377,
                0.0007111757071761309,
                -0.00007337202363604776,
                0.00010388295219953651,
                0.006089714101385422,
                0.0012975358152947692,
                -0.00009841509400311226,
                -0.00007337202363604776,
                0.0009242417988536238
              ],
              "inverse_covariance_input": [],
              "mean": [
                -0.510586702330094,
                -1.7877184888197328,
                -11.700825039560364,
                -23.202947924840924,
                10.910492198633865,
                28.665511913765208
              ]
            }
          ],
          "label": "",
          "mixture_coeffs": [
            1
          ],
          "parameters": {
            "absolute_regularization": 0.001,
            "covariance_mode": 0,
            "gaussians": 1,
            "relative_regularization": 0.001
          }
        }
      ],
      "transition": [
        0.9641628265380859,
        0.035837121307849884,
        0.9592781662940979,
        0.0407218337059021,
        0.9646502733230591,
        0.03534968942403793,
        1,
        0
      ]
    },
    {
      "exitProbabilities": [
        0,
        0,
        0,
        0.10000000149011612
      ],
      "label": "nage",
      "parameters": {
        "absolute_regularization": 0.001,
        "covariance_mode": 0,
        "gaussians": 1,
        "hierarchical": true,
        "regression_estimator": 0,
        "relative_regularization": 0.001,
        "states": 4,
        "transition_mode": 1
      },
      "states": [
        {
          "components": [
            {
              "bimodal": false,
              "covariance": [
                0.2931263494952569,
                0.23598748601185585,
                -0.22917566562621,
                1.9217923322200325,
                -4.283026552175726,
                2.1579215762706303,
                0.23598748601185585,
                0.8557659795979742,
                0.13904634594205736,
                -15.715852079757136,
                5.111481231424122,
                -12.754044347297588,
                -0.22917566562621,
                0.13904634594205736,
                0.5668930974779341,
                -10.112998726788941,
                7.315674377972942,
                -9.564629482175567,
                1.9217923322200325,
                -15.715852079757136,
                -10.112998726788941,
                820.1540641855968,
                -626.4504993740615,
                709.9414503550056,
                -4.283026552175726,
                5.111481231424122,
                7.315674377972942,
                -626.4504993740615,
                633.0459273237376,
                -519.562379717153,
                2.1579215762706303,
                -12.754044347297588,
                -9.564629482175567,
                709.9414503550056,
                -519.562379717153,
                700.9755115407868
              ],
              "covariance_determinant": 72570.90476762824,
              "covariance_determinant_input": 0,
              "covariance_mode": 0,
              "dimension": 6,
              "dimension_input": 0,
              "inverse_covariance": [
                12.496057159341913,
                -6.33240111461631,
                5.071422682930184,
                -0.1697613120899384,
                -0.04890280381985094,
                0.051199474600060094,
                -6.33240111461631,
                8.2538993111386,
                -1.9177378332669561,
                0.4687185192969233,
                0.267246927114598,
                -0.13312631241704753,
                5.071422682930182,
                -1.9177378332669535,
                4.4448943663841805,
                -0.006713505993069822,
                0.01453496047342051,
                0.02771728314967735,
                -0.1697613120899386,
                0.46871851929692376,
                -0.006713505993070024,
                0.04790635346777835,
                0.025744606540598132,
                -0.020478034687872966,
                -0.04890280381985099,
                0.26724692711459813,
                0.01453496047342042,
                0.02574460654059811,
                0.018578642024762077,
                -0.007092074794392476,
                0.05119947460006026,
                -0.13312631241704795,
                0.02771728314967745,
                -0.020478034687872994,
                -0.0070920747943925,
                0.014708292115721019
              ],
              "inverse_covariance_input": [],
              "mean": [
                -9.40841943722267,
                -0.09416193315047411,
                -2.41114070266081,
                25.561081863650617,
                -29.66106757392045,
                22.964791750558835
              ]
            }
          ],
          "label": "",
          "mixture_coeffs": [
            1
          ],
          "parameters": {
            "absolute_regularization": 0.001,
            "covariance_mode": 0,
            "gaussians": 1,
            "relative_regularization": 0.001
          }
        },
        {
          "components": [
            {
              "bimodal": false,
              "covariance": [
                4.5596581920757835,
                9.903742580266355,
                -1.2543280850649638,
                -159.87881011577858,
                48.456191427432195,
                13.623147729598816,
                9.903742580266355,
                44.58518931554352,
                0.5045717997393209,
                -851.6198496919885,
                179.52982853213135,
                4.580135220526631,
                -1.2543280850649638,
                0.5045717997393209,
                45.16222346384015,
                -769.1174278934005,
                78.79466423627896,
                -202.7100115323622,
                -159.87881011577858,
                -851.6198496919885,
                -769.1174278934005,
                30797.204884823117,
                -5509.278935507604,
                3434.105278259769,
                48.456191427432195,
                179.52982853213135,
                78.79466423627896,
                -5509.278935507604,
                1932.694357946558,
                -639.460272770989,
                13.623147729598816,
                4.580135220526631,
                -202.7100115323622,
                3434.105278259769,
                -639.460272770989,
                2141.8973410534413
              ],
              "covariance_determinant": 5576114172802.708,
              "covariance_determinant_input": 0,
              "covariance_mode": 0,
              "dimension": 6,
              "dimension_input": 0,
              "inverse_covariance": [
                0.5188923741178497,
                -0.19618388627529593,
                -0.10140387502463155,
                -0.006785480019058817,
                -0.011676482077098753,
                -0.005084544844014098,
                -0.19618388627529604,
                0.3279727444800498,
                0.2566954629666379,
                0.016132229196559076,
                0.010690743791987239,
                0.002167123149733988,
                -0.10140387502463169,
                0.2566954629666379,
                0.27752301246358413,
                0.015015448328203859,
                0.012141769641074305,
                0.005911572800671751,
                -0.006785480019058825,
                0.016132229196559076,
                0.015015448328203859,
                0.000944941625629599,
                0.0008042605343390161,
                0.0001548146773660084,
                -0.011676482077098762,
                0.010690743791987239,
                0.012141769641074305,
                0.000804260534339016,
                0.0017589952058214618,
                0.0004361814370042615,
                -0.005084544844014099,
                0.0021671231497339878,
                0.00591157280067175,
                0.00015481467736600836,
                0.0004361814370042614,
                0.0009360614725282009
              ],
              "inverse_covariance_input": [],
              "mean": [
                -10.901313185992969,
                2.2648305366368136,
                5.05207189609697,
                -125.9416048089589,
                -7.248766007749666,
                -31.811640132045746
              ]
            }
          ],
          "label": "",
          "mixture_coeffs": [
            1
          ],
          "parameters": {
            "absolute_regularization": 0.001,
            "covariance_mode": 0,
            "gaussians": 1,
            "relative_regularization": 0.001
          }
        },
        {
          "components": [
            {
              "bimodal": false,
              "covariance": [
                2.9039730308823213,
                3.943310818203632,
                -0.310468866341349,
                -39.18494484010805,
                -13.414166140189565,
                -13.320948822363318,
                3.943310818203632,
                8.381734685944322,
                0.41685210764851344,
                -85.9794103748828,
                -33.55038857366702,
                -53.11361309818313,
                -0.310468866341349,
                0.41685210764851344,
                1.007245041708837,
                -7.955347765496676,
                -1.0449384417543284,
                -11.518806008883766,
                -39.18494484010805,
                -85.9794103748828,
                -7.955347765496676,
                1214.504887132697,
                197.191164810537,
                666.8963035408733,
                -13.414166140189565,
                -33.55038857366702,
